  995.0    178    9.0    7.0     87   6.35      0      0  282.6  300.3  283.6
  987.0    245   12.2    7.7     74   6.72    275     11  286.4  305.4  287.6
  980.0    305   14.0    9.0     72   7.40    200     21  288.8  309.9  290.1
  971.0    383   16.0    6.0     51   6.07    200     22  291.6  309.3  292.7
  959.0    489   16.0    6.0     51   6.15    200     24  292.6  310.6  293.7
  949.0    578   16.2   -0.8     31   3.82    200     25  293.7  305.2  294.4
  945.4    610   16.0   -1.0     31   3.78    200     26  293.9  305.2  294.5
  925.0    795   15.0   -2.0     31   3.59    205     27  294.6  305.5  295.3
  921.0    832   15.0   -1.0     33   3.88    208     28  295.0  306.7  295.7
  917.0    868   15.2   -1.8     31   3.67    211     29  295.6  306.7  296.2
  912.1    914   15.9  -27.4      4   0.45    215     30  296.7  298.2  296.8
  911.0    924   16.0  -33.0      2   0.26    215     30  296.9  297.9  297.0
  904.0    989   16.2  -32.8      2   0.27    216     27  297.8  298.8  297.9
  883.0   1188   15.6  -17.4      9   1.11    220     19  299.2  302.9  299.4
  879.8   1219   15.5  -17.8      9   1.08    220     18  299.4  302.9  299.6
  852.0   1490   14.4  -21.6      7   0.80    234     20  301.0  303.7  301.2
  850.0   1510   14.2  -22.8      6   0.72    235     20  301.0  303.5  301.1
  848.6   1524   14.1  -22.9      6   0.72    235     21  301.1  303.5  301.2
  817.9   1829   11.9  -25.6      6   0.59    220     21  301.9  304.0  302.0
  788.4   2134    9.8  -28.2      5   0.48    235     24  302.8  304.5  302.9
  760.0   2438    7.6  -30.9      4   0.39    240     32  303.7  305.0  303.7
  732.5   2743    5.4  -33.5      4   0.31    250     33  304.5  305.6  304.6
  732.0   2749    5.4  -33.6      4   0.31    250     33  304.5  305.6  304.6
  727.0   2805    5.0  -14.0     24   1.79    252     32  304.7  310.6  305.0
  723.0   2849    4.6  -12.4     28   2.05    253     31  304.7  311.4  305.1
  720.0   2883    4.2   -5.8     48   3.46    254     30  304.6  315.6  305.3
  718.0   2906    4.0   -5.0     52   3.69    254     29  304.7  316.3  305.4
  713.0   2963    3.8   -8.2     41   2.90    256     28  305.1  314.3  305.6
  711.0   2986    3.8  -15.2     24   1.66    257     28  305.3  310.8  305.6
  710.0   2997    3.8  -13.2     28   1.96    257     28  305.4  311.8  305.8
  705.0   3054    3.4   -8.6     41   2.85    258     26  305.6  314.7  306.1
  700.0   3112    2.8   -8.2     44   2.96    260     25  305.6  315.0  306.1
  695.0   3170    2.2   -5.8     55   3.59    261     24  305.5  316.9  306.2
  690.0   3228    1.6   -1.5     80   4.99    262     23  305.5  321.0  306.4
  685.0   3287    1.0   -1.1     86   5.18    263     22  305.4  321.5  306.4
  683.0   3311    1.2   -1.1     85   5.20    264     22  305.9  322.1  306.9
  673.0   3430    2.4  -24.6     12   0.78    266     20  308.6  311.3  308.7
  672.0   3442    2.4  -21.6     15   1.02    266     20  308.7  312.2  308.9
  663.0   3550    2.0  -15.0     27   1.81    268     19  309.4  315.5  309.8
  654.2   3658    1.3  -16.4     25   1.63    270     17  309.9  315.3  310.1
  640.0   3834    0.2  -18.8     22   1.36    271     17  310.5  315.2  310.8
  613.0   4178   -3.1  -20.1     26   1.27    274     16  310.6  314.9  310.8
  606.1   4267   -3.9  -19.9     28   1.31    275     16  310.7  315.2  310.9
  571.0   4735   -7.9  -18.9     41   1.51    283     23  311.3  316.4  311.6
  562.0   4858   -8.9  -16.9     52   1.82    285     25  311.5  317.7  311.9
  560.6   4877   -9.1  -17.0     53   1.81    285     25  311.6  317.7  311.9
  500.0   5750  -16.9  -20.6     73   1.49    275     34  312.4  317.5  312.7
  477.4   6096  -19.3  -21.7     81   1.42    285     41  313.5  318.4  313.8
  474.0   6149  -19.7  -21.9     83   1.41    285     41  313.7  318.5  314.0
  452.0   6500  -21.9  -26.0     69   1.02    283     41  315.2  318.8  315.4
  437.0   6748  -24.1  -28.0     70   0.88    281     40  315.5  318.6  315.7
  430.0   6865  -24.7  -29.5     64   0.78    281     40  316.2  319.0  316.4
  427.0   6916  -24.7  -32.7     47   0.58    281     40  316.8  318.9  316.9
  421.5   7010  -24.9  -38.3     28   0.34    280     40  317.8  319.1  317.9
  414.0   7141  -25.1  -46.1     12   0.15    286     41  319.1  319.7  319.2
  404.2   7315  -26.8  -49.2     10   0.11    295     43  319.2  319.6  319.2
  400.0   7390  -27.5  -50.5      9   0.09    295     42  319.2  319.6  319.2
  387.3   7620  -29.7  -50.7     11   0.09    290     44  319.2  319.6  319.2
  375.0   7849  -31.9  -50.9     13   0.10    286     45  319.3  319.7  319.3
  346.0   8411  -36.1  -57.1     10   0.05    277     47  321.0  321.2  321.0
  339.8   8534  -37.2  -56.6     12   0.05    275     48  321.2  321.4  321.2
  317.0   9010  -41.5  -54.5     23   0.07    283     48  321.6  322.0  321.7
  310.7   9144  -42.5  -55.5     23   0.07    285     48  322.1  322.4  322.1
  300.0   9380  -44.3  -57.3     22   0.06    285     48  322.8  323.0  322.8
  250.0  10580  -54.7  -65.7     24   0.02    290     57  324.6  324.7  324.6
  248.0  10631  -55.3  -66.3     24   0.02    291     58  324.5  324.6  324.5
  234.8  10973  -57.8  -68.3     25   0.02    295     62  325.8  325.9  325.8
  222.0  11326  -60.3  -70.3     26   0.01    295     59  327.2  327.3  327.2
  213.0  11582  -61.1  -71.1     25   0.01    295     56  329.9  330.0  329.9
  208.0  11729  -61.5  -71.5     25   0.01    283     54  331.5  331.5  331.5
  202.7  11887  -62.7  -72.0     27   0.01    270     52  332.1  332.1  332.1
  200.0  11970  -63.3  -72.3     29   0.01    265     54  332.4  332.4  332.4
  193.0  12189  -65.1  -74.1     28   0.01    262     62  332.9  332.9  332.9
  188.0  12349  -65.7  -74.7     28   0.01    260     68  334.4  334.5  334.4
  182.0  12547  -64.9  -73.9     28   0.01    271     73  338.8  338.9  338.8
  179.0  12649  -65.7  -74.7     28   0.01    277     75  339.1  339.2  339.1
  174.6  12802  -64.8  -73.8     28   0.01    285     79  343.1  343.1  343.1
  174.0  12822  -64.7  -73.7     28   0.01    285     79  343.6  343.6  343.6
  171.0  12929  -63.1  -73.1     25   0.01    285     79  347.9  348.0  347.9
  166.0  13112  -61.9  -71.9     25   0.01    285     76  352.9  352.9  352.9
  159.0  13379  -62.7  -72.7     25   0.01    285     71  355.9  356.0  355.9
  154.0  13577  -62.1  -72.1     25   0.01    285     67  360.2  360.3  360.2
  151.0  13699  -62.7  -72.7     25   0.01    285     65  361.2  361.2  361.2
  150.0  13740  -62.3  -72.3     25   0.01    285     64  362.6  362.6  362.6
  149.0  13781  -61.9  -71.9     25   0.02    284     62  363.9  364.0  363.9
  143.3  14021  -62.7  -72.7     25   0.01    280     52  366.7  366.8  366.7
  143.0  14035  -62.7  -72.7     25   0.01    280     52  366.8  366.9  366.9
  131.0  14576  -62.3  -72.3     25   0.02    280     59  376.9  376.9  376.9
  127.0  14767  -63.5  -73.5     25   0.01    280     62  378.1  378.1  378.1
  123.6  14935  -63.0  -73.0     25   0.02    280     64  382.0  382.1  382.0
  122.0  15014  -62.7  -72.7     25   0.02    280     60  383.9  384.0  383.9
  117.6  15240  -63.5  -73.5     25   0.02    280     49  386.5  386.6  386.5
  114.0  15431  -64.1  -74.1     24   0.01    280     43  388.8  388.9  388.8
  109.0  15706  -63.9  -73.9     24   0.02    280     35  394.2  394.3  394.2
  106.5  15850  -64.8  -74.8     24   0.01    280     31  395.2  395.3  395.2
  100.0  16230  -67.1  -77.1     23   0.01    270     36  397.8  397.9  397.8
   85.3  17184  -69.3  -78.3     26   0.01    285     33  411.9  411.9  411.9
   82.7  17374  -68.2  -77.5     25   0.01    265     38  417.9  418.0  417.9
   78.0  17722  -66.1  -76.1     23   0.02    262     32  429.2  429.3  429.2
   74.7  17983  -65.7  -75.7     24   0.02    260     27  435.3  435.4  435.4
   71.1  18288  -65.2  -75.2     24   0.02    290     21  442.7  442.8  442.7
   70.5  18337  -65.1  -75.1     24   0.02    290     21  443.9  444.0  443.9
   70.0  18380  -65.3  -75.3     24   0.02    290     21  444.4  444.5  444.4
   67.2  18628  -66.3  -76.3     23   0.02    278     19  447.4  447.5  447.4
   64.3  18898  -65.2  -75.5     23   0.02    265     17  455.5  455.7  455.6
   58.8  19444  -62.9  -73.9     21   0.03    341     12  472.4  472.6  472.4
   58.2  19507  -63.1  -74.2     21   0.03    350     11  473.3  473.4  473.3
   55.5  19799  -64.3  -75.3     21   0.03     35      8  477.1  477.3  477.1
   50.1  20422  -62.7  -73.7     21   0.04    130      2  494.8  495.0  494.8
   50.0  20440  -62.7  -73.7     21   0.04    215      7  495.3  495.6  495.3
   48.9  20577  -62.7  -73.7     21   0.04    232      8  498.5  498.7  498.5
   46.9  20835  -60.7  -72.7     19   0.04    264      9  509.2  509.6  509.2
   43.3  21336  -60.8  -72.8     19   0.05    325     11  520.8  521.2  520.8
   37.3  22250  -61.0  -73.0     19   0.05     35     11  542.6  543.0  542.7
   36.0  22476  -61.1  -73.1     19   0.05     80     15  548.2  548.6  548.2
   35.5  22555  -61.0  -73.1     19   0.05     95     16  550.4  550.9  550.4
   30.0  23610  -59.7  -72.7     17   0.07     55     12  581.3  581.9  581.3
   27.9  24079  -58.6  -72.6     15   0.08     85     14  596.8  597.4  596.8
   26.5  24384  -58.0  -72.5     14   0.08     60     13  607.0  607.7  607.0
   25.7  24584  -57.5  -72.5     13   0.08     57     13  613.8  614.6  613.9
   24.3  24938  -58.1  -74.1     11   0.07     51     13  622.0  622.6  622.0
   24.1  24994  -57.9  -74.2     11   0.07     50     13  624.1  624.8  624.2
   23.0  25298  -56.8  -74.6      9   0.07     65     19  635.9  636.5  635.9
   20.0  26180  -53.7  -75.7      5   0.07     90     16  671.0  671.7  671.1
   19.9  26213  -53.5  -75.9      5   0.06     90     16  672.5  673.1  672.5
   19.0  26518  -52.0  -78.0      3   0.05    130     17  686.2  686.7  686.3
   18.1  26822  -50.5  -80.1      2   0.04    120     15  700.2  700.6  700.2
   17.3  27127  -49.0  -82.2      1   0.03    150     18  714.4  714.7  714.4
   17.1  27198  -48.7  -82.7      1   0.03    163     16  717.8  718.0  717.8
   16.5  27432  -48.6  -82.6      1   0.03    205     11  725.5  725.8  725.5
   15.0  28042  -48.2  -82.2      1   0.03    220      1  746.1  746.4  746.1
   13.7  28657  -47.9  -81.9      1   0.04    226      5  767.4  767.8  767.4
   11.9  29595  -43.3  -79.3      1   0.06    236     12  815.2  816.0  815.3
   11.0  30124  -43.7  -79.7      1   0.06    241     16  832.3  833.1  832.4
   10.4  30480  -41.5  -78.0      1   0.09    245     18  853.0  854.1  853.1
   10.0  30785  -39.7  -76.7      1   0.11    245     22  870.8  872.3  870.9
   10.0  30770  -39.7  -76.7      1   0.11    250     25  870.2  871.6  870.3